$ANSIBLE_VAULT;1.1;AES256
38343335653364363366363032613135386665613138633837316463393235613266623161666237
3436383565323833313961616361313032623532613230330a396530326465353536316332363162
38643363313332646562346436333963323666366332366365386139333766643735396366353833
6532396261383932380a656263373434383864356431333832313038663436376131396332643262
62353438666435303966316232353931656131376438616262636264623330376461653330306661
37623862353966633166313538303165373236623764623464353765353234613766373161373037
30346536613637333566303963376433383930633131386162363362663065393136643436333836
65663163666335666633336566373464313766376262376535656133663863316332383361633930
39623834393636616439383639333638393430303638653964613337346638393034656531343566
37393263363232643564326533346233626666663464616436646439633963316665663734343737
35376633323365363962386230376636633465633033366262303238633666623232656535323236
32353739663134336532363631666439313532626666313365393239373437336335363665663661
65656363636362363664313461316136633333343532613239613365353036663837313533336561
37636436303062653462626636666134383031316565626662633631333464343630366634393665
656434326231363961303834666431626137
